17
6.174965
23.081075
10.879372
13.842873
14.367062
16.914465
17.017370
20.222204
13.330969
20.110344
18.587686
14.276815
8.083275
11.764225
20.065005
19.088632
22.806969
14.025394
17.011920
11.920921
12.135475
12.826553
8.560286
13.178286
12.853760
11.132724
17.348203
19.438544
22.804384
11.540742
13.850751
10.886209
16.955413
17.945706
13.889780
16.164005
17.840066
17.334750
23.776813
14.494130
32.398578
20.745574
17.973944
18.742885
15.916443
14.086149
15.055882
12.429250
11.889382
11.559442
18.182993
16.708793
24.740741
13.265134
11.924247
7.275812
25.898395
13.908213
15.463139
18.941654
19.778992
15.223619
18.996167
19.905945
16.987228
11.900881
21.979495
14.507682
22.755168
18.263431
26.260576
22.305093
21.797998
17.548366
19.657767
16.867751
10.257013
18.907852
9.546043
26.894628
16.192193
26.575364
13.566843
10.235043
13.519985
13.901405
18.421487
26.033700
19.363717
16.928349
19.648191
21.029103
18.375118
24.075829
17.033621
16.986752
17.246920
15.814950
14.558233
9.406838
11.940033
14.588225
9.658763
11.067036
7.873473
24.949959
15.707350
22.871538
11.407250
16.557620
22.511103
11.751115
12.409840
8.240504
14.799716
14.309673
21.540839
34.985620
16.804315
4.304088
18.017455
21.865966
8.740060
9.199011
10.285926
13.093367
18.580775
19.123689
25.656413
9.488656
13.739359
21.635092
22.905374
14.704112
14.484947
16.817216
18.254195
19.702580
13.353954
17.920640
20.302552
18.288696
7.600013
17.814997
14.024116
18.846222
23.345792
16.509630
15.674741
15.782702
18.665401
12.419983
28.615761
9.309712
8.355601
12.740653
28.287859
17.054524
12.448063
14.755200
12.962320
21.981980
14.017715
22.462678
16.252270
10.001015
17.552364
26.279651
13.576782
13.908414
10.326411
9.448139
11.404494
15.836121
19.119450
16.013694
20.717970
13.012343
7.806988
10.637005
9.730505
22.070154
22.290692
4.969269
8.775754
24.419835
8.505905
23.485953
14.431514
18.661743
10.666420
21.581484
24.158429
13.109509
5.690574
18.217605
13.508965
21.775067
33.499989
19.302896
35.527159
17.897154
14.398701
14.516689
10.036237
19.843199
9.623593
20.743728
15.711715
20.066336
19.475610
14.136955
10.231353
16.261134
12.948138
13.406692
10.229116
27.056213
20.968758
11.457051
14.819678
16.693402
11.085217
13.259399
18.643412
16.673592
21.896636
14.635014
7.620389
9.957621
13.289213
9.381159
15.686227
18.683064
11.713915
16.711282
14.937229
21.070484
6.982238
18.403369
16.109658
19.645308
12.048910
28.458076
14.392336
11.022344
15.089061
7.805113
24.951752
18.704366
13.324017
16.125718
19.089750
14.383991
12.061549
17.621910
18.996222
18.149239
19.830009
14.329163
14.518647
14.758764
14.180067
8.642867
20.380487
15.032951
19.060226
25.429450
14.622536
13.735115
13.266206
10.758693
17.746588
8.847117
17.130180
12.806638
21.320711
16.114732
20.325364
18.898910
15.385267
24.309071
10.411390
13.959036
11.488864
12.918156
18.346439
8.653907
11.924289
16.029592
17.224928
8.826052
29.087155
10.395980
10.480200
35.105265
6.833761
25.880472
23.977798
8.843135
8.013388
13.713752
10.368365
8.861080
17.986282
21.438323
35.146596
21.784615
6.192669
25.191647
20.307829
26.460694
10.275646
12.616883
31.473162
13.067320
12.545214
19.690149
13.464030
21.408165
18.184939
16.186023
30.895752
18.026778
23.388893
13.109840
12.888394
18.008096
17.653189
7.125834
6.856081
13.924300
12.132362
12.320641
16.546412
18.180326
15.993859
12.652326
9.986758
15.636333
13.766503
9.009657
30.318621
20.962606
16.617898
14.012872
15.914691
11.052351
17.436530
27.033314
7.316424
15.009402
8.576641
18.342899
11.531431
6.092905
19.130890
10.931904
24.319371
22.876694
14.643528
21.733446
12.191927
16.743819
29.388214
12.165967
22.919888
22.060100
18.149865
37.320222
17.078653
16.581271
16.623125
19.665254
14.579951
7.186851
10.914356
26.817153
17.974476
16.588017
23.169731
12.988013
21.729256
7.513290
11.733504
15.626874
19.102435
28.447395
35.255815
24.578855
20.943521
15.276914
11.471685
11.573155
19.046743
9.032422
21.253664
24.134372
21.042864
8.513654
22.144789
15.062653
13.834786
8.416219
20.717309
17.138128
19.878721
14.229524
18.872694
11.861966
14.296621
20.643059
14.287616
23.270839
17.861524
21.543867
17.426628
12.134505
6.684503
18.882291
12.687556
26.158345
13.144371
14.562861
23.224011
21.393535
20.108768
7.555073
16.657576
17.698419
21.654456
18.453752
8.305658
13.380102
11.167751
16.091231
20.913340
11.154952
22.423581
15.169862
17.284009
10.507676
10.847535
13.729942
20.789573
20.461696
24.053059
23.039146
9.535952
14.109846
13.452788
12.255148
13.332597
19.029713
13.060892
12.234409
15.931274
15.414979
29.340425
16.560911
12.262240
11.524341
19.673052
21.462484
18.061066
11.773924
14.945684
12.108263
15.883456
15.986676
12.002987
9.862118
28.751427
16.588243
24.532893
15.592192
20.463503
18.617960
20.250411
19.333047
9.411798
18.590704
18.433125
18.182646
14.365104
19.072908
14.406420
12.597645
11.759136
14.933140
14.850597
21.710242
16.191342
13.143885
14.222874
15.812173
16.955550
11.117920
12.418118
8.294398
15.636294
8.374210
11.475748
13.365036
31.810325
25.127134
26.253238
12.890688
11.145630
13.721396
16.101735
8.105969
20.204335
17.860437
28.436677
17.164632
18.460078
10.103474
11.543674
11.163531
14.279345
11.216517
13.625981
17.078070
11.097961
15.218307
8.234070
14.350584
18.532212
18.141288
16.638157
23.633203
13.231095
12.433742
20.756327
9.024210
13.109395
23.546890
16.773937
16.287459
13.877565
17.016598
9.593182
10.844537
11.311755
10.701890
8.590891
17.473713
14.506661
7.132791
19.727219
13.772787
6.094088
19.798580
16.546322
10.230689
14.503249
7.829843
16.696969
27.389331
24.241794
20.116497
23.657547
22.816854
12.638107
19.707560
17.938377
23.039402
17.023008
13.503177
17.678633
15.130870
11.497602
16.542662
21.693659
6.646238
13.960597
16.560508
17.741531
11.073052
12.919494
18.776856
18.096468
11.154458
20.317104
14.107716
20.153012
29.604400
14.929775
21.187347
15.701507
25.993433
12.377160
26.129609
13.159148
24.288524
13.378803
19.693792
24.220070
14.343889
6.820493
12.955624
12.668572
20.705232
19.396523
14.391080
26.469535
16.557836
11.121670
11.338458
16.209229
16.377192
29.511487
12.827275
14.585035
9.071115
18.240108
15.792294
22.917166
13.696385
15.469968
25.833801
19.717991
27.147957
13.642239
8.031058
15.532195
22.489468
14.904153
12.638007
20.311716
15.255075
15.401156
31.312765
17.540520
14.239154
14.799471
13.193564
8.158199
26.033813
18.699170
14.686921
31.867698
16.071711
16.417653
16.537838
20.042608
6.809119
18.600857
19.319224
9.749067
15.850614
16.539007
10.013293
16.541933
24.415668
15.373360
10.200906
41.313646
11.837594
17.382022
11.811994
24.025647
17.623432
14.388474
37.506710
4.253775
16.195946
32.560828
15.285657
21.034735
29.850392
13.789072
18.429144
18.255816
13.748852
26.485633
29.199614
22.607461
16.771008
22.069438
11.396536
13.492443
13.106295
11.569699
13.901560
13.529833
12.079112
26.417622
16.429629
22.382159
28.110003
13.528064
13.669261
16.879651
11.997296
11.098292
8.051982
26.160186
22.521038
16.674640
22.144063
17.094075
25.788254
15.787260
19.540718
7.509704
14.689170
28.740301
19.341178
11.521948
10.926219
13.234880
17.211001
19.906251
21.365425
16.920632
19.536291
15.739111
14.384454
10.936873
22.295574
7.902575
15.512402
19.351421
18.906749
10.116387
25.823134
10.647917
15.903285
14.005216
23.230679
17.372455
23.080587
12.491123
13.871198
16.669013
21.945752
18.476252
14.362851
19.458145
16.646798
10.306209
8.238635
23.123689
20.682741
11.061359
14.126002
5.913425
16.984485
16.231953
13.468390
24.020512
21.384441
21.695848
21.040235
13.103086
27.165561
19.444715
10.645558
23.290724
10.112646
15.275579
10.233437
13.443601
19.579004
19.223746
19.453045
14.525638
15.739868
19.905463
17.443155
24.508861
26.326710
15.161214
22.901444
30.126888
25.732214
10.065409
10.093815
27.744832
13.532719
16.293742
19.071696
17.702667
29.948703
19.850732
25.446879
15.198555
17.851664
15.808899
14.121588
16.800384
15.233619
11.018810
13.879973
14.286923
15.409930
17.342839
16.666173
12.979749
21.481862
11.312080
9.433024
20.473386
24.671871
26.917797
22.788457
28.593117
22.564297
18.200423
8.216309
17.970609
23.585170
16.988255
17.777836
22.218409
12.563179
12.262208
18.587245
14.511656
9.133143
13.627226
23.306644
11.844487
15.098327
13.060595
27.033669
44.368496
12.102603
19.096854
23.742051
15.825019
26.961296
12.674885
14.357900
20.165281
8.448160
7.805187
15.406331
20.033700
12.334907
21.159532
14.369530
11.860099
13.619987
15.148004
13.840885
28.137614
16.375624
11.719978
15.862494
15.202157
16.514527
16.406115
12.434273
21.764525
17.398889
14.402628
12.818337
10.348695
11.949883
22.893357
21.998161
14.370290
26.314078
14.252556
27.838967
17.473354
25.894092
16.617618
10.350499
25.799665
7.995321
23.662988
13.517293
11.924881
19.261968
16.545272
10.352571
23.766004
11.005734
14.569282
22.463584
11.192998
32.176396
8.159512
13.526237
16.367392
16.718591
10.633939
12.748243
17.787771
16.134064
18.829658
19.076507
30.818646
22.602443
30.619833
17.783773
9.836592
15.552953
14.905953
14.589934
10.831221
10.503627
28.827421
15.317335
15.271635
20.254522
16.693214
21.192605
21.807297
16.446928
16.084303
14.187273
26.074890
12.080182
24.216574
13.499454
14.175878
19.295354
12.026032
29.611334
13.514814
20.191712
17.638073
18.465488
21.798756
9.016385
15.373806
23.789293
6.577212
19.092924
19.173568
20.113833
14.259981
19.328679
9.592760
9.065009
16.201552
19.210749
14.208741
10.291590
16.602127
19.307215
13.777361
28.785626
11.708774
21.349571
15.529607
15.085505
17.760657
18.240889
23.962206
28.991029
14.681530
15.099722
12.809269
15.111341
6.745616
15.395625
22.166451
21.982692
15.127367
15.122517
18.867811
25.090801
19.140766
17.548119
21.482483
11.388914
16.355022
20.772761
29.808520
20.664677
12.520749
13.222883
20.737132
25.711185
6.441787
24.788959
13.448560
12.610684
15.195298
15.906283
14.328984
25.047522
23.393023
12.569236
16.374832
26.743346
4.807468
28.540589
11.286233
16.443299
20.174699
20.530477
20.072421
16.624644
